"synis.id";"synaflokkur";"veidarfaeri";"dags";"leidangur";"stod";"skip";"ar";"man";"dag";"kastad.n.breidd";"kastad.v.lengd";"hift.n.breidd";"hift.v.lengd";"dypi.kastad";"dypi.hift";"reitur";"smareitur";"toglengd";"tognumer";"tegund";"nr";"lengd";"kyn";"kynthroski";"aldur";"oslaegt";"slaegt";"kynfaeri";"lifur"
"1";488887;99;5;2018-12-05;"NYT1-2018";1;1755;"2018";"12";"05";641617;221840;NA;NA;62;NA;422;2;NA;NA;1;1;102;1;2;NA;7180;NA;490;50
"2";488887;99;5;2018-12-05;"NYT1-2018";1;1755;"2018";"12";"05";641617;221840;NA;NA;62;NA;422;2;NA;NA;1;2;106;1;2;NA;15920;NA;730;290
"3";488887;99;5;2018-12-05;"NYT1-2018";1;1755;"2018";"12";"05";641617;221840;NA;NA;62;NA;422;2;NA;NA;1;3;95;2;4;NA;9620;NA;50;350
"4";488887;99;5;2018-12-05;"NYT1-2018";1;1755;"2018";"12";"05";641617;221840;NA;NA;62;NA;422;2;NA;NA;1;4;97;1;2;NA;10610;NA;250;770
"5";488887;99;5;2018-12-05;"NYT1-2018";1;1755;"2018";"12";"05";641617;221840;NA;NA;62;NA;422;2;NA;NA;1;5;95;1;2;NA;8170;NA;730;510
"6";488887;99;5;2018-12-05;"NYT1-2018";1;1755;"2018";"12";"05";641617;221840;NA;NA;62;NA;422;2;NA;NA;1;6;79;2;2;NA;5030;NA;110;50
"7";488887;99;5;2018-12-05;"NYT1-2018";1;1755;"2018";"12";"05";641617;221840;NA;NA;62;NA;422;2;NA;NA;1;7;54;1;1;NA;1910;NA;NA;10
"8";488887;99;5;2018-12-05;"NYT1-2018";1;1755;"2018";"12";"05";641617;221840;NA;NA;62;NA;422;2;NA;NA;1;8;99;2;4;NA;8350;NA;210;320
"9";488887;99;5;2018-12-05;"NYT1-2018";1;1755;"2018";"12";"05";641617;221840;NA;NA;62;NA;422;2;NA;NA;1;9;105;2;4;NA;9510;NA;240;340
"10";488887;99;5;2018-12-05;"NYT1-2018";1;1755;"2018";"12";"05";641617;221840;NA;NA;62;NA;422;2;NA;NA;1;10;93;2;4;NA;5760;NA;130;120
"11";488888;99;1;2018-12-07;"NYT2-2018";1;2468;"2018";"12";"07";640168;225691;NA;NA;68;NA;422;3;NA;NA;1;1;78;2;2;NA;4057;3597;67;118
"12";488888;99;1;2018-12-07;"NYT2-2018";1;2468;"2018";"12";"07";640168;225691;NA;NA;68;NA;422;3;NA;NA;1;2;103;2;4;NA;10105;8945;198;533
"13";488888;99;1;2018-12-07;"NYT2-2018";1;2468;"2018";"12";"07";640168;225691;NA;NA;68;NA;422;3;NA;NA;1;3;90;2;2;NA;7525;6650;214;302
"14";488888;99;1;2018-12-07;"NYT2-2018";1;2468;"2018";"12";"07";640168;225691;NA;NA;68;NA;422;3;NA;NA;1;4;65;1;1;NA;2582;2364;NA;96
"15";488888;99;1;2018-12-07;"NYT2-2018";1;2468;"2018";"12";"07";640168;225691;NA;NA;68;NA;422;3;NA;NA;1;5;72;1;1;NA;3435;3200;NA;96
"16";488888;99;1;2018-12-07;"NYT2-2018";1;2468;"2018";"12";"07";640168;225691;NA;NA;68;NA;422;3;NA;NA;1;6;69;2;1;NA;3073;2814;NA;32
"17";488888;99;1;2018-12-07;"NYT2-2018";1;2468;"2018";"12";"07";640168;225691;NA;NA;68;NA;422;3;NA;NA;1;7;90;2;2;NA;7980;6465;274;640
"18";488888;99;1;2018-12-07;"NYT2-2018";1;2468;"2018";"12";"07";640168;225691;NA;NA;68;NA;422;3;NA;NA;1;8;82;2;1;NA;4852;4405;NA;164
"19";488888;99;1;2018-12-07;"NYT2-2018";1;2468;"2018";"12";"07";640168;225691;NA;NA;68;NA;422;3;NA;NA;1;9;97;1;4;NA;6980;5960;439;340
"20";488888;99;1;2018-12-07;"NYT2-2018";1;2468;"2018";"12";"07";640168;225691;NA;NA;68;NA;422;3;NA;NA;1;10;90;2;3;NA;8085;7010;194;590
"21";488888;99;1;2018-12-07;"NYT2-2018";1;2468;"2018";"12";"07";640168;225691;NA;NA;68;NA;422;3;NA;NA;1;11;81;1;1;NA;5419;4835;NA;184
"22";488888;99;1;2018-12-07;"NYT2-2018";1;2468;"2018";"12";"07";640168;225691;NA;NA;68;NA;422;3;NA;NA;1;12;63;1;3;NA;2700;2218;208;130
"23";488888;99;1;2018-12-07;"NYT2-2018";1;2468;"2018";"12";"07";640168;225691;NA;NA;68;NA;422;3;NA;NA;1;13;95;2;4;NA;9820;8415;181;746
"24";488888;99;1;2018-12-07;"NYT2-2018";1;2468;"2018";"12";"07";640168;225691;NA;NA;68;NA;422;3;NA;NA;1;14;89;1;4;NA;6275;5452;165;360
"25";488888;99;1;2018-12-07;"NYT2-2018";1;2468;"2018";"12";"07";640168;225691;NA;NA;68;NA;422;3;NA;NA;1;15;84;1;3;NA;6635;5660;469;330
"26";488888;99;1;2018-12-07;"NYT2-2018";1;2468;"2018";"12";"07";640168;225691;NA;NA;68;NA;422;3;NA;NA;1;16;76;2;1;NA;4150;3818;NA;123
"27";488888;99;1;2018-12-07;"NYT2-2018";1;2468;"2018";"12";"07";640168;225691;NA;NA;68;NA;422;3;NA;NA;1;17;75;2;1;NA;3943;3582;NA;159
"28";488888;99;1;2018-12-07;"NYT2-2018";1;2468;"2018";"12";"07";640168;225691;NA;NA;68;NA;422;3;NA;NA;1;18;67;2;1;NA;2387;2255;NA;30
"29";488888;99;1;2018-12-07;"NYT2-2018";1;2468;"2018";"12";"07";640168;225691;NA;NA;68;NA;422;3;NA;NA;1;19;97;2;3;NA;9105;7960;116;493
"30";488888;99;1;2018-12-07;"NYT2-2018";1;2468;"2018";"12";"07";640168;225691;NA;NA;68;NA;422;3;NA;NA;1;20;83;2;2;NA;5205;4834;NA;NA
"31";488888;99;1;2018-12-07;"NYT2-2018";1;2468;"2018";"12";"07";640168;225691;NA;NA;68;NA;422;3;NA;NA;1;21;67;2;1;NA;2766;2613;NA;32
"32";488888;99;1;2018-12-07;"NYT2-2018";1;2468;"2018";"12";"07";640168;225691;NA;NA;68;NA;422;3;NA;NA;1;22;105;2;3;NA;13035;11065;533;1063
"33";488888;99;1;2018-12-07;"NYT2-2018";1;2468;"2018";"12";"07";640168;225691;NA;NA;68;NA;422;3;NA;NA;1;23;60;1;1;NA;1927;1811;NA;15
"34";488888;99;1;2018-12-07;"NYT2-2018";1;2468;"2018";"12";"07";640168;225691;NA;NA;68;NA;422;3;NA;NA;1;24;95;2;2;NA;7885;6860;99;473
"35";488888;99;1;2018-12-07;"NYT2-2018";1;2468;"2018";"12";"07";640168;225691;NA;NA;68;NA;422;3;NA;NA;1;25;104;1;3;NA;9925;8560;294;530
"36";488888;99;1;2018-12-07;"NYT2-2018";1;2468;"2018";"12";"07";640168;225691;NA;NA;68;NA;422;3;NA;NA;1;26;60;1;1;NA;1855;1726;NA;16
"37";488888;99;1;2018-12-07;"NYT2-2018";1;2468;"2018";"12";"07";640168;225691;NA;NA;68;NA;422;3;NA;NA;1;27;77;1;1;NA;4734;4366;NA;104
"38";488888;99;1;2018-12-07;"NYT2-2018";1;2468;"2018";"12";"07";640168;225691;NA;NA;68;NA;422;3;NA;NA;1;28;69;1;3;NA;3143;2737;167;108
"39";488888;99;1;2018-12-07;"NYT2-2018";1;2468;"2018";"12";"07";640168;225691;NA;NA;68;NA;422;3;NA;NA;1;29;54;1;3;NA;1586;1414;25;35
"40";488888;99;1;2018-12-07;"NYT2-2018";1;2468;"2018";"12";"07";640168;225691;NA;NA;68;NA;422;3;NA;NA;1;30;79;1;3;NA;4990;4259;386;130
"41";488888;99;1;2018-12-07;"NYT2-2018";1;2468;"2018";"12";"07";640168;225691;NA;NA;68;NA;422;3;NA;NA;1;31;60;1;1;NA;1971;1826;NA;40
"42";488888;99;1;2018-12-07;"NYT2-2018";1;2468;"2018";"12";"07";640168;225691;NA;NA;68;NA;422;3;NA;NA;1;32;71;1;1;NA;3224;3001;NA;53
"43";488888;99;1;2018-12-07;"NYT2-2018";1;2468;"2018";"12";"07";640168;225691;NA;NA;68;NA;422;3;NA;NA;1;33;107;2;4;NA;13140;10090;315;522
